0.8373626373626374
0.4909774436090225
0.2060189341644358
0.7940730466944059
0.17122772208298526
0.8712121212121212
0.37905394721019714
0.7767857142857143
0.81125
0.7463068181818183
0.4946013289036545
0.9073529411764706
0.5629310344827586
0.5740740740740741
0.8086419753086419
0.3159090909090909
0.7104655294953802
0.740625
0.9020689655172414
0.7324906367041198
0.5255376344086021
0.871010101010101
0.4958496833272362
0.651978973407545
0.39871252204585556
0.5343137254901961
0.5615501519756838
0.7619290573372205
0.7850780423280425
0.40459770114942534
0.038044482735766
0.6702008928571428
0.2868421052631579
0.875909090909091
0.527159090909091
0.44583333333333336
0.25271425106220774
0.8385416666666667
0.5257473544973545
0.059370286937759066
0.719489247311828
0.7016581632653061
0.8161764705882353
0.392156862745098
0.8130081300813007
0.3825995807127884
0.8279026217228465
0.6851904761904762
0.6821705426356589
0.47842261904761907
0.8510928961748635
0.6055555555555555
0.30591397849462365
0.44051002830072616
0.11982404539581866
0.7026515151515151
0.7869458128078818
0.8168859649122808
0.5967687074829932
0.6744285714285714
0.7237449118046132
0.7526143790849673
0.8289718614718615
0.45400971333807166
0.3542117604617605
0.4665318586063267
0.2909270216962525
0.8439613526570049
0.4763119533527697
0.48666666666666664
0.8725694444444444
0.6951219512195121
0.4782608695652174
0.3366708147041548
0.4624378109452738
0.521558872305141
0.8657471264367816
0.19931649336911023
0.7149267399267398
0.13828795552107287
0.5096774193548387
0.7661044973544975
0.6807291666666666
0.850625978090767
0.6647534013605442
0.3452843855523604
0.5312155388471178
0.4951976346093996
0.647314507198228
0.5469269102990034
0.6353021978021978
0.41543650793650805
0.8677966101694916
0.6486928104575163
0.8895539906103286
0.7080761316872428
0.7493460960960961
0.4613769271664008
0.6477932636469221
0.8786630036630038
0.8123287671232877
0.5706305239898988
0.7795414462081129
0.756768077601411
0.6494372294372294
0.37692307692307697
0.7783439153439154
0.027367864746318686
0.738095238095238
0.49572510822510824
0.7245614035087719
0.7020833333333334
0.4266354016354017
0.27922562706546233
0.5095322526173592
0.659105534105534
0.4924884438623935
0.7562074829931974
0.8815602836879434
0.7109375
0.611574074074074
0.6451851851851852
0.23112656325156342
0.726984126984127
0.8494753833736886
0.25648853541154715
0.7850260416666667
0.4894366197183099
0.42322718742669496
0.8033854166666666
0.027355059369947914
0.5456666666666667
0.5177777777777778
0.8189743589743589
0.8416666666666666
0.6950757575757576
0.8154761904761905
0.4590741084983115
0.292137918716898
0.3273021923979299
0.482667887667888
0.7652173913043478
0.07967600337192919
0.8583333333333332
0.6961730811045881
0.45466854891988573
0.7375
0.7803333333333335
0.5005437977660201
0.3075864099680281
0.030884254656147837
0.4979089645148041
0.8680357142857144
0.36182866024641236
0.7599691358024692
0.7975694444444444
0.4776912228598278
0.738562091503268
0.6563153310104531
0.8239932104184958
0.8441916666666667
0.9073033707865169
0.5908119658119657
0.826439763939764
0.4368421052631579
0.8012820512820513
0.7145238095238096
0.8448717948717949
0.4828106852497099
0.6558807588075881
0.7007054673721341
0.49282238442822396
0.7112026862026861
0.461309523809524
0.4758865248226951
0.4375
0.8295454545454546
0.47119047619047605
0.8986486486486487
0.13559322033898305
0.8727011494252872
0.6923611111111111
0.9084298780487806
0.6296046720575023
0.8013386880856761
0.45836886372173474
0.7730210265924553
0.4211538461538461
0.16464573860800275
0.8892857142857143
0.5012545649838884
0.8704411764705882
0.45031746031746034
0.01799278346085093
0.7168989547038327
0.7038194444444444
0.5044133333333335
0.8251231527093599
0.5404241071428572
0.7698689438415466
0.4692624469835757
0.4776191018672224
0.34523809523809523
0.8728395061728395
0.7490610328638498
0.5222222222222223
0.6900183150183151
0.43005752125752117
0.6444520547945206
0.33934095798307834
0.19086021505376344
0.8919117647058823
0.38253012048192775
0.4946236559139785
0.8847744360902257
0.4908488845988847
0.6818752307124398
0.12550252409627416
0.5
0.7044546850998465
0.446230158730159
0.7051282051282052
0.704954954954955
0.2921212121212121
0.4479166666666667
0.6309227871939737
0.4912555962555963
0.8355472013366749
0.012235152716209664
0.6348039215686274
0.8878205128205128
0.5855158730158729
0.5457609710550887
0.6582696425215897
0.4241541353383458
0.5266666666666666
0.4939393939393942
0.9609090909090909
0.36747947454844027
0.9419270833333334
0.8779761904761905
0.6808119658119658
0.7814230343300111
0.1395049435318832
0.35646362839614376
0.8319444444444445
0.024206669078004277
0.7671568627450982
0.6459920634920635
0.663698245614035
0.9265432098765433
0.6983050847457628
0.4355213844797177
0.605026455026455
0.6745370370370369
0.3773992673992675
0.8954248366013071
0.45691184807256247
0.6185185185185185
0.41320114942528735
0.6294395604395604
0.8300595238095239
0.486654135338346
0.54
0.3766041666666667
0.2583680555555557
0.4057740324594258
0.013030787273584844
0.42704301075268813
0.17723214285714287
0.505837173579109
0.4324074074074074
0.19334834059703548
0.5670068027210883
0.009630816228037905
0.8426617826617826
0.8815040650406504
0.7790304073436605
0.5162374473598963
0.5657071018062397
0.7578231292517007
0.015068817643119299
0.886904761904762
0.03815430026772477
0.8583167570825799
0.6004166666666666
0.9205555555555555
0.7308080808080807
0.8294642857142858
0.7899543378995434
0.3020134942148486
0.3286846336726946
0.9356745683347966
0.07514461580086575
0.3793975903614458
0.55
0.8923423423423423
0.3466386554621849
0.6099142156862746
0.4435399449035813
0.41919642857142847
0.8271535580524344
0.48044217687074836
0.4528333333333333
0.5416666666666666
0.01349372770507403
0.2929385467121849
0.04494749541946128
0.5257777777777778
0.5325314153439156
0.7559523809523809
0.6157298985167837
0.6455889118932596
0.31886903635877045
0.6935897435897436
0.6191860465116279
0.831764705882353
0.35179127725856696
0.708819584171697
0.8002611367127495
0.9416666666666668
0.6513206845238095
0.6842948717948717
0.500761554621849
0.6821493624772313
0.663863287250384
0.5775862068965517
0.935135135135135
0.011670506182707185
0.035636842165388864
0.43018018018018017
0.41343137254901957
0.5504056579621096
0.9278935185185185
0.8057692307692309
0.5039007092198581
0.5111111111111111
0.3178141486211599
0.4027777777777778
0.013351106392368473
0.7056809523809524
0.36829365079365084
0.9028571428571428
0.9034708994708995
0.741919191919192
0.07377759584863262
0.782608695652174
0.1750417168666431
0.5666666666666668
0.8158222222222222
0.23076923076923078
0.02643555212591326
0.4541666666666666
0.7658854166666668
0.8296296296296296
0.025005082052213412
0.4763888888888888
0.5177777777777778
0.4922453703703704
0.4835540838852097
0.014431190094549321
0.125
0.685351966873706
0.06330909315912465
0.033766127338771074
0.21311475409836064
0.08517744526622023
0.6755555555555556
0.7765197820421701
0.6543904761904762
0.7997544217687076
0.8555555555555554
0.8431016204755415
0.31632522572432614
0.8721311475409835
0.5369263285024157
0.6478279030910609
0.748080808080808
0.2647619047619048
0.6888571428571427
0.4265625
0.6936936936936936
0.45637254901960783
0.7103260869565217
0.8180894308943091
0.46157407407407414
0.8837719298245613
0.12701207243460763
0.6571376811594203
0.8357142857142856
0.7805502680752515
0.43388543823326453
0.9749999999999999
0.8969696969696971
0.15736895098371445
0.7945604395604396
0.1271186440677966
0.12395833333333334
2.5494444444444446
0.3557692307692308
0.2439655172413793
0.38541666666666663
