185.0297878608312
175.30688584555017
177.48529473101144
186.96240828594065
188.3493371022369
209.12772158663284
193.4609912271713
194.50835591938443
183.97015192689577
192.42091145212544
181.29667698113582
184.94229064544805
187.01831272883746
188.80252228056318
189.73148942400917
180.6894746525065
178.01375500230125
168.24904936065016
169.96910051907764
179.54643032747393
174.35489438662256
168.1519095015695
175.80766023646507
169.97924389353096
175.53535712882046
169.87985980689143
167.32201360726225
171.76804156963917
174.98416654253563
184.1942732905574
182.13689746674135
179.04706108243712
179.66060027800276
179.42805662302848
176.11056133149447
178.89009295887988
180.80221823571097
183.42029996083144
183.92459401207321
184.35424961374093
177.8040470542239
176.01896718475595
169.4526992750469
178.78439155764778
174.25287454866174
176.96500352433773
174.6293923640801
174.85761685862073
