118.5801588200583
16.139132955393436
121.8484768150499
21.33461132838913
147.22368803223586
19.951381752928846
149.93449012109716
27.94058401257181
162.24330293458462
23.447277241151895
159.13398196705526
25.467548244631793
155.06604018357763
24.46110273250914
147.2792505657413
22.840842808439156
139.73044333409206
26.44139490977858
129.91528026530878
24.322962755235075
127.28078972750819
21.029581189412
128.57427119319152
18.995124150825163
130.03526400821704
16.868893390594607
137.36299596072715
17.476691735297635
137.82569972741354
20.436819636799946
137.48386422081722
17.788980316797357
138.56709392676953
18.395907648397674
134.0164893476783
18.641999234091394
140.16582159669576
18.74753361235004
140.0316923309179
23.67425380286287
143.2638801622459
22.710994335739727
146.62439050533368
24.244362262764902
141.97317378482006
25.60444584662757
139.26152769101424
21.441820212457635
