606.415676142878
643.3852747882122
683.7144195857479
654.4050764379467
740.6156839346386
792.9079542362387
693.5749831148376
692.4443412150163
753.7069999859579
781.6113406482914
685.2353341688519
648.2216805961559
686.1319131160125
699.941991771869
679.3206239230492
742.3068482074883
693.8129508768961
643.8800748803978
697.7451807140618
703.6402801393331
663.9260950965088
612.4184528566333
632.5967116123406
619.9011436548152
589.2726517641735
631.3772483147497
660.033937281119
662.2913509807807
663.3479229850021
670.2752110491439
662.7082457868024
686.131895761304
683.111690561806
696.5808186157516
664.6970780187265
669.081883942456
684.6737878680258
675.0438337046182
651.8408141384486
681.4251947055252
681.6664251527694
666.5459792365405
676.5843591082535
690.8128424297655
655.1812831274033
626.0693020626002
640.2799794532581
640.5540710409238
