805.9038605621248
140.2650692691714
478.1283551801549
223.42991600494798
358.291677365483
304.9741203400494
435.9713387422281
79.68347360827948
693.7775694161523
7.537334405254853
299.0214046932459
436.93624243811774
371.1790733095656
171.66633960924412
586.9249877639729
187.5882446121548
401.7092153786493
293.07777840473284
283.3099702856367
415.7743019276638
396.0475310031923
223.59213364327644
581.3550028236182
230.6826185089201
348.19385819860713
473.56025314313604
285.85771905069674
305.60207146118637
478.9552168036462
239.6739573559111
483.51881915834304
318.0714990729636
289.181380763502
498.38630951211854
292.0940742179778
278.6812329840187
548.4368977540389
236.26530073466355
311.111308644884
462.6204045883873
244.84576949821223
435.6617442359931
364.46359605925795
277.72945199802814
463.9880380333368
315.8175345667072
223.2260558520395
554.7208922852492
