984.5056273790793
988.5014665938965
998.7012427073264
1005.4760835565048
1008.890422404924
1011.7186885538654
996.9436487255741
1019.7757364220145
1008.896256539121
999.0560394730303
996.1049173121024
994.8607000041821
1000.5250201928302
1005.2621607800285
1007.5024954472012
999.12070338834
1002.754663469893
998.280995096584
1008.8068857438748
1002.0040274827966
1003.7922710207142
994.755522775588
1001.0406084105555
997.7507130013346
1003.2974143310194
997.0010538925223
1008.0689898777341
1002.5689073506098
1003.0016237272292
995.52353905549
1007.5514072001788
999.0089186635737
1004.6963447371929
1004.1487908911694
1012.3524926117275
1000.6252858944956
1000.8380554118864
1006.8039189319979
1020.6789553699945
1020.0403754627432
1029.1713924622904
1031.4415354848838
1028.8141127976144
1028.6968059969918
1029.8145854058837
1026.1872735237644
1020.4326056615859
1020.0617446752091
