426.10576223367434
389.0799204910861
418.33143477033025
450.0321080070643
484.3587587205979
493.36181964462753
453.832886564133
439.13354422985856
456.3573037575455
446.52050106013957
426.57459280385353
422.92254362607565
437.10651899701804
484.6080375333015
483.37551349362616
430.9633369536164
420.25090400474966
449.1625324477274
470.5839967550713
434.1610903782841
390.12960167518304
395.71986656251454
413.00469079559724
435.7892431445704
417.0511748475712
392.8188182039124
401.173415617032
428.2721308154139
457.30816709293464
467.46388319998505
435.90334646727786
428.1129143555019
446.39329788499845
443.5250737461529
421.94851877325794
419.03259344373447
432.290668399888
470.1951052936685
470.5987028658939
442.7784116459788
425.5858661767639
441.1855375871601
453.51714750962014
436.54040831901864
408.2033104009303
396.6343618488936
409.98543847192093
426.29690047713683
