88.6473181834194
27.57434988317602
94.14869149977595
35.514840429525236
105.03430112633191
31.826725520697615
112.32971462339128
30.38423181922809
114.72985140651325
33.608739795981066
112.16972471270918
32.711783135668966
113.99315127806544
38.64215638468574
100.81294385311926
30.198328049773536
94.8511824104118
30.59764917454826
99.92436425833799
32.642302515657924
74.12855631464231
25.08472729069529
86.0555130228634
25.63555805242173
75.02828884548836
29.645811554120982
93.5064655769989
30.66870371960256
114.90061367302425
32.51262141291281
97.61511519595214
29.897334236786435
109.06099053381084
29.256196300446398
98.81338389453333
31.704789333261026
107.41683661108752
36.37598814493222
110.43187064581178
28.683691816812704
95.73909975257925
32.93138438227933
96.38777188748703
26.59554051993082
87.96175341751113
28.524751189492775
87.1246768644803
29.1657816172916
