2047.1435627193914
1346.435450037074
1289.798130783096
1332.5021514446023
1218.7247135547261
1330.9028127505596
1237.4119582194878
1362.1667576588004
1507.2751476320082
1363.5984965588696
1232.1530670866441
1254.9445909192652
1740.3629030763645
947.4963047629927
817.7585428898018
839.7744317626825
856.2323441940958
1001.6328913025504
1465.5379119405068
1438.0896663570143
1892.4334454771151
1720.3941588147522
1482.053235208321
1501.2554845438488
1890.8047360651663
1317.2024038875975
1250.699296079712
1238.2698116831966
1103.8565324716315
1203.0939463032144
1185.4816030355325
1263.2475312488632
1505.184775956079
1336.4193107161223
1228.2415785372248
1248.3541807980703
1605.4794276517123
968.2706538203113
914.8983747292709
949.6058691163015
898.8429581701919
1011.677955486108
1406.0819303105586
1345.6463000885437
1694.347278238997
1551.9940963760928
1304.7681404795821
1311.2689615513757
