218.83913336312338
216.63459961849244
222.26880021319107
232.00096023144116
219.55074733112804
234.8177030638406
226.06897355898496
224.0750251812557
230.37343021437584
228.20394729054263
223.26939990637482
219.03702872430404
225.02862712077922
230.763893030281
230.6506353957644
227.16562862657608
217.19603683370988
222.4042004314199
228.31772433545603
227.5582742498617
216.19673862893484
221.0888133509697
220.84073267574695
221.12726749483312
219.14300424480695
219.8873232933097
215.34624656548172
220.23458173015405
225.0171803426049
223.12567825960258
216.6086962467646
219.12796306768897
219.16773252457244
221.9971436383037
221.52939877642987
218.85443128302305
216.74123477044984
222.83182528376602
221.60246184726486
219.40743351038978
216.97459815944845
217.0968709217551
219.1840376661541
221.5830777672474
218.1781648712234
215.72038597156882
218.73819000114156
220.3661604308247
