535.7722683037177
564.9787756990829
568.3727199941677
586.8632971018067
618.7113213852376
655.9155889853583
558.7460986345015
552.8859950345909
514.1888542607628
517.1700175016272
503.1109123132497
486.0721701807615
527.812372485692
545.3312730306812
542.7326737521608
535.4170564646199
532.301441025957
535.2539893649074
562.4575758986869
501.8574938079292
455.3175604371693
476.3736969257159
514.1899842263152
534.4811340358679
519.0685788767543
549.7226638490741
562.0441961313752
577.0500606662703
613.5643282939266
612.1296430758075
546.6933468942971
528.3008844215167
537.3582023624318
547.4409714206821
513.1902429875149
488.6992515480805
527.2640883235465
559.5524618692746
565.9093423862568
558.702784693755
538.1502080778114
537.9194199922343
559.999854442972
538.421684409927
493.2161750040997
473.0603765160547
499.2458777900367
515.3529148372199
