653.2453733644566
651.3597283378843
632.4293214755111
705.5731358334341
759.2451550719286
727.9146956062136
659.3526812569979
647.2145005136988
665.9807391552336
679.0286397970982
715.9213570514365
694.5628966723042
685.9452845488577
733.3713833116221
723.1680764198379
681.8202724552414
665.9098260823353
666.7230704000958
639.4273203729072
617.6811782740493
616.3239315665295
631.8274835466304
702.0494154832847
655.9049751454045
608.709076358936
591.9999042384055
588.460773902303
662.5368322956382
720.9140963166271
673.6478478183162
623.5824402955619
639.8388676471152
647.6954622860454
666.2334735737614
687.4873789501179
671.4339659687901
712.4351483032949
746.2390857060209
706.0030696323442
706.2244705272719
671.9984331359269
657.0157840247335
679.5499583165408
697.0841984667468
656.5533229951079
655.887954084237
687.1911403481075
671.551361481484
