144.4354195419169
131.1134743449892
134.42945965351458
135.19850830122923
129.3022956803763
128.63394068198843
130.67717844499984
133.11335449416737
131.29784150974086
119.56336737330253
118.46351690230195
118.43736682644241
122.39320249351755
130.04656374352504
126.52661072643488
119.34829477217775
123.6243319194028
120.77076856056331
117.82057197395181
123.98093303656779
114.86695406172254
109.0364674124989
111.03015842207633
114.70057768785989
133.5444463272409
130.91875190396462
128.4386800549116
131.84157280040785
121.09722645357047
118.3901313898935
124.93618444789085
127.45477984677221
128.87838767005354
124.42825214016278
121.05695860430497
124.13145214281991
129.40249439074432
126.01492072680638
123.74834536258231
122.06935864704982
118.6408684274441
118.90537245642022
125.9240153363046
122.62333949887231
122.19841277923642
123.83479630245532
121.7761721846291
122.03906646068111
