74.06228592586305
73.2198891642733
75.71887574249826
77.73582092907452
82.26603825081555
84.87573631252455
76.79739176446766
73.9118527038308
78.18084519083057
80.1208973838641
80.04298694701404
80.7264962597861
84.48092042959262
84.0899127622717
86.55872702706695
81.47571638436715
75.81430668170313
74.9481590242788
81.09419087318574
83.88069832359191
80.1609093682717
77.01964728397581
78.51091349437777
77.17730915135115
77.65115263080936
75.94764646047224
75.144579694553
77.7507475198142
80.33916820561633
83.20225030901463
78.67895496521244
76.22693064187509
79.51965615283159
81.40435804499641
81.04718054076315
78.4981968874481
80.45879876431569
83.59778557432196
82.54487647845764
81.45870445527856
78.51315454062808
76.67552134661763
80.38392087239382
81.9126010996645
80.74270768802462
78.5596081233245
78.31011875766922
80.13048677467015
