492.34651121709703
417.61121906754323
468.5446749532796
401.2669747775584
445.5046252156802
409.18154961490075
433.90188015280035
408.1604450915179
540.3578755134779
602.3838779931419
635.0253276711514
567.3188272437862
613.7083659294871
571.1600430308816
602.718838603783
533.1737843111094
560.1944424492624
474.66330120021416
563.2075623217073
502.57105925283827
565.3484674620045
489.6659358097566
545.1280750979205
475.878194402174
493.16586068490517
396.9896792374809
459.73019980757704
427.5829692474319
466.6319264359986
451.49165437014847
496.3177984733343
473.1482743997043
598.1581222889955
597.2656809670704
637.7320319666514
563.3617917945782
601.0111483581888
543.1019006284263
559.0312754716035
506.9372793035701
519.3058769204425
475.86910279168364
518.8548584847716
501.3191507012584
550.31984375558
502.3912117340071
540.0593676357104
478.0382975445773
