374.9114529338216
303.23369940093835
685.3314211790921
552.792097042086
580.014028745048
223.82580472121816
500.38886846424333
539.6174284335987
421.3863480784704
423.92899268352073
611.7211729115278
595.3638473141099
512.0173166267499
525.2557370786521
590.9832550279514
816.6560823072692
470.4681546823418
481.08341042214903
431.8905723652718
648.3720107715047
538.4026782379091
534.8777601040032
749.4710717495265
522.0463684687957
562.5602614663933
567.8518591195791
574.0444133472231
568.180987490246
548.2517338203185
554.947035871843
567.5670419500443
581.5775121894014
541.2395825522432
548.419278579719
555.4894841312579
556.3195557605538
539.2393943170132
539.6663747315454
551.4366333364045
559.8512602763664
518.5321013250767
533.469481436892
569.2425341512813
549.3470603207818
540.8455952677934
508.2214278133124
552.5448634922171
540.2064425869092
