555.4195937845664
633.8985735554494
725.4330774910457
757.847054402528
813.9391943853174
793.5239564394908
763.8460904676357
684.4380564074926
726.7001925195768
667.4379842463736
649.6002319863057
636.85453446456
681.6764390122727
723.1706609098546
699.5120027751774
774.0260144877928
716.6736122747208
697.902822447736
723.4452055734339
688.3547569302702
619.4874332394825
593.1312838687651
602.8372226767303
617.4249147695202
600.008946566456
633.3829607861946
672.1988310436732
641.9176013697112
692.8002756922195
752.4054643895649
723.2556824284975
676.7948063253467
661.5769591751855
643.114975342775
628.7578504709737
609.9766643957142
669.8752340843299
679.9766896628444
695.5565087459585
745.2792777984562
725.3176865838914
699.5111514958918
692.590268639475
691.4619476044562
651.3223398314689
633.8171061278236
619.7527769927838
617.3549183302671
