950.3885636039817
310.7337315396602
533.9871790238318
902.0341628736204
515.4102533696773
665.6249785260417
550.358527568402
1355.706678749927
1203.7026773600296
778.1566196662482
340.96487758884916
960.1337631546204
708.7129808135327
1107.1701665764106
562.1519290322202
706.3261236680589
711.8742305252731
967.1895580565366
1162.9848609468884
794.8622752870622
589.0736674625874
728.2672396997532
846.9979888120195
1109.1181805621613
866.1105992765492
945.1582728901567
783.5297984021719
801.5449703472342
769.557950719517
812.6820006232967
805.6034229866832
740.9790037815532
807.7478854605362
725.9957389339208
733.5712486905802
801.5922991241515
806.323613884211
739.9903693512731
713.3883706725017
781.0817865457958
820.3446538392335
813.7781767748786
673.3700262934958
753.3969367097905
721.1871392066429
785.336447222321
738.8517936688035
705.4936020662982
