732.9113481096416
716.8844113299198
747.5739381472349
775.9094334878313
853.199656258352
839.0349876409783
793.6572701518116
766.1392936192728
774.5302360996899
785.9481284711223
763.4097838003676
725.1481290046405
739.2834238130738
832.0621418439162
795.4000876721482
793.7848082021986
776.6631951360246
752.5148036054926
719.9472396033372
733.8371048236272
710.0408193098452
632.3125618085877
682.7987876190579
689.8085583205564
727.1554199664685
703.2672647683746
678.2210012339841
680.2006910670527
722.3482530375127
706.5363563648151
680.8721761495835
665.8644379242767
674.1914595032865
700.3920083649091
701.2119132906665
686.8138987363958
681.0712597619143
706.4137637836342
716.3891524895702
690.527787114678
693.992249661946
694.1011211764527
683.2194586270595
698.9470117937499
671.5824871905468
650.2324599842038
664.0676379022618
655.4226065164595
