91.75904812399182
97.09221629211572
88.59634333256223
91.91433901056772
91.59267550296063
84.99458004711775
84.71075225479592
92.87183651547397
88.67693809231025
83.11104629901531
85.89691193408214
90.85310411525492
86.76010409996617
88.64107150293574
90.5586760675406
81.13116118307406
86.58873047525051
90.82512894714387
82.08950822074979
82.43032852512843
88.63700516533795
82.00476173288644
89.08891493224411
92.9899323728466
88.20830052877635
94.88734670965728
91.51334874095815
89.08901112517653
89.46255040099662
89.79694275412643
87.65426627488401
90.42563712679708
89.15892744062444
90.19771851864071
85.54156598250727
91.44174261918403
90.23152801958341
87.07778871809586
91.5788715599579
91.326408322013
92.68409183102166
92.87289978173767
92.91164341427277
91.90255717674866
92.94059542932858
92.96854744940778
91.33667473134591
93.21305599480212
