1262.6550012860457
1370.3802654279336
1325.2018331733025
1273.1203214976144
1364.6314574565952
1322.0705650699972
1400.7724328575493
1225.7959946097894
1344.2610991949186
1349.6775433968087
1243.8912116504484
1289.9057519402957
1212.421883513386
1327.8054451942558
1316.3377512141726
1255.4973156696701
1347.872367444556
1323.8899503609719
1278.2224653085955
1301.112868508746
1293.760720081432
1380.7020668265263
1258.358875850539
1275.3937018985757
1295.1398674177594
1334.5362756873326
1296.7270730124008
1284.6665935700169
1318.3811259925437
1309.6089810003457
1270.9463914947448
1280.5819042925243
1341.6087591740334
1311.6214905196643
1326.6426331683444
1279.2340684094472
1337.1082588282904
1325.6261069583552
1278.3047986191987
1289.4003726273324
1329.128545747967
1300.0312698160549
1277.9238745469665
1268.0667020543142
1349.3713403824863
1310.195082533452
1284.1248239758852
1292.0458730002429
