156.26060793320892
55.15315097316701
158.1009970504933
58.03920655169264
159.71707452281208
58.91035915464965
161.35773431004384
49.501339618651826
151.7677427158362
60.70454365040736
158.84673710930647
53.96910016670584
155.70053320779664
53.079008259310086
156.91737362490954
56.5736383783757
156.26473928169074
50.66520063588474
158.89697810578667
55.279616140583045
154.26640127235294
52.62190066751583
152.910068485523
48.900307559152424
152.1078904075069
49.52998996636107
154.5890026046669
49.80922796853721
152.70581999841457
49.013452689221864
152.2141262133912
52.275176059009105
155.37296950862805
52.157060647624355
155.12212067695827
52.59609952565612
153.76000241936165
55.17182118594218
154.83681228343048
53.98515860745226
154.91745272343312
53.329770031912226
153.40702538690732
54.554762343539124
153.77496075007173
52.5037694272097
151.81965366352264
52.84444738774685
