12.991615969524496
14.885183822803079
14.793489731928574
17.012528034736086
13.178340214870808
13.02304305026972
12.589545414825608
17.190072431612258
14.533975756092488
18.245993295934817
18.714206417670077
20.64985179146406
18.419153152083105
22.065379886696952
22.10657913740816
25.993785404729387
25.201794829005056
23.996368388040814
23.019893495385507
24.991627361236866
22.190591204284786
23.239969298980796
22.920444758720535
22.720893689257238
19.234959136916366
17.576184347388526
17.224524663905243
19.862468160707436
19.73927436729511
16.9781620408218
18.024871284639964
18.068787044280413
19.20937130218193
18.725213158110165
22.852516149472546
20.97330244738645
23.229264392866178
20.78817134261518
23.134942300872165
23.339635901023552
25.889443774788365
23.66853546082155
23.86118292112634
22.802157475170368
23.09025947354744
23.565230960856017
23.11593354666058
21.806632978545146
