83.78054210050763
82.75190335113376
82.1186370941813
79.08992231655573
77.18018596554279
78.46069320154146
79.6021303867782
83.78574811580614
84.74954674257653
83.77809652414123
81.14290819540125
79.99994845556603
79.03193153305251
79.80280567077007
79.87899809848182
82.54425364565252
82.14900192243438
80.27883905142455
81.72969987502033
78.80375537619962
82.27707766251207
82.12092308267194
78.69499408227496
82.44247971277471
81.31576774396639
80.16930138405024
81.39905967555663
80.17762151951902
82.12265698337616
84.00355106073451
80.61578512857379
80.32825953468078
81.37639819719843
80.71437161712217
82.82591330681481
81.25003047870997
81.70547271020534
82.802397817662
81.80632362131522
81.33958084294157
80.84202466498839
81.17237156781556
82.17338867512512
81.70190570552278
82.0533699661805
81.70552446843531
80.98429509963722
81.88340887849405
