28.26135914118204
128.16436266579518
63.60146653059472
127.37420074932822
19.730936464545525
29.134093651517574
14.266312893342617
8.291453123259238
15.287286081063645
17.86064642799424
14.84281030465386
16.93904301710775
21.17555062665713
15.20120310827589
12.199087204985545
15.530409026618248
20.205944558416494
15.037860940729585
15.958471588420544
20.054956385449053
18.860865927562834
14.408306243822645
17.95027813245342
23.92870514932998
30.816899565087322
129.91292371180083
60.67522383294803
133.813090027749
22.867380898741864
30.541815111005853
14.036483805214514
12.067494062902053
14.825945673744314
19.770110053835673
16.40516212606228
20.48599194680316
19.238735757608055
16.848008571756843
14.17453078974143
12.733766891284258
17.90781766821394
17.597878056575645
14.809650603247128
20.508010834942795
19.522271042266055
15.324924678592316
16.994299193831033
22.206182977067904
