97.34101992603082
102.57290908198749
85.43186526347294
101.02827138170358
94.90039279246027
125.93700313418198
110.57074804284905
125.16806211298665
102.20462539525285
116.13999010109843
132.89027118734248
118.4961380671525
123.99203298256097
132.6945243276932
129.54778283579586
134.57673470414755
132.8023807470284
142.04373852954615
149.35311670769306
131.20831781272352
137.9628672811926
138.7298112267165
143.7214302020146
145.93829886191318
142.76640759409645
146.90865308664846
146.55647978068893
155.66377549780046
152.11826386017498
153.34624562421533
154.24105974502552
155.11618977070123
152.79102992140497
154.1093005276423
152.45498610699255
155.35581974049862
157.80960464057412
157.2593672938633
157.08189510991537
153.02706228837803
158.60944778005342
153.83597348915958
150.72974683384973
152.14141656042298
155.36391793012314
156.12691072354116
155.49819021402107
159.09268276021905
