398.2016937285158
119.06824877342976
116.03061930701935
361.6250022370249
113.34650328651765
135.95287523174824
105.99096598832647
118.23403744262495
125.21155254266105
120.05255477833917
103.814818886816
115.6868219690312
107.96580391814723
104.83898493961263
129.54075951212835
122.17975074977058
126.38498801435239
86.24621515806602
103.52135105423072
114.62637566172442
83.98312642457418
111.78336371986593
106.42851939809907
107.93636465320566
405.26189586061724
116.81331524289709
122.10150195349908
356.4762947193018
109.62093842214078
140.16471121928873
110.42279001380268
116.52708443388192
125.27565916386067
124.84824555201585
105.65196530796595
118.33219856299641
108.95689338813337
107.99254395693302
131.2748640810219
127.07155609939733
130.3537929800126
93.3715925394271
97.56384918117618
112.2909996605486
89.02123646928518
112.47696306779861
104.78590310852303
105.27878180456716
