55.4968687369304
971.3015878492722
64.93728621941523
70.2883446327741
70.85958125951491
80.41378896689056
71.84851469622652
64.95275731181734
53.86479892660336
61.104198309917805
57.094125753741906
47.27955793599655
62.81482871683584
55.1073550624773
60.27220175168767
24.81477182444179
56.570850647691955
62.15158219158629
52.95113677798085
55.226635029833396
37.05062515094397
55.35971591484364
66.87095726326012
64.05346320300447
63.31760802818592
969.0840041119396
72.00644687409088
75.99232032789149
79.65803914685696
89.53377108907328
76.48277040358094
71.89785148814447
57.05021915646289
62.83166657363272
55.415427159789445
50.22174230897177
62.56173060566735
58.38454983515104
61.22003868140077
8.334054533774832
56.486496898282496
60.23594279667561
51.72848946537583
53.26380256475256
38.40263302721914
53.20400804028714
65.1042980229892
60.47892344858993
