15.192131475372456
16.501337289009093
17.291471891405457
18.355418138790803
18.56599204456907
20.13572860142355
20.216404499472425
21.17526142643547
21.165379803093842
22.979924859157666
23.295164919370432
23.885816285009597
24.174336435706607
25.38568860229486
25.680705048431047
27.09324706625479
27.3169623685335
28.079163365558973
28.871158038231407
28.911275103910558
29.06211750294851
29.790939538869893
30.0787993646189
31.039646566777336
30.918728048305674
31.781670451483134
31.491466937186278
32.03406338724316
31.401537189513952
32.17592629702338
31.894888279011862
32.151657030096345
32.43669419920141
32.79387884413957
32.78783361574234
33.02137473925439
33.17144520912777
33.1275987025451
33.086216789078215
33.28796466139653
33.20850710937848
33.123701855316725
33.3088532505968
33.32491495743067
33.467889259200845
33.36478556379825
32.95631878134882
33.387664428193915
