2.12827119411628
3.713017665397075
12.619344095115807
0.22409483239214723
0.0
10.587763021063846
48.9549670020069
84.34945103540088
84.41576320318049
56.98255200858456
21.285955715000203
13.507105095208896
21.09119533529722
36.17663224825868
42.400830521306126
41.26779876673996
39.28896755360634
37.88515137319365
41.32651580889935
39.9317516155585
38.076203185087664
35.1258727858867
33.32164392055459
29.508188462831633
28.379583080531443
34.21422605879934
29.33436820841333
17.272808226227145
5.900010045809296
11.820473958735
42.11789601972099
69.90558041398782
68.02163221753918
48.51586513503685
20.288076816652726
12.047009007384627
19.759738732234595
35.586857328183434
43.64686414347726
43.25455877033393
41.85145401861697
41.22998518923791
39.84201171296961
39.98032375890063
41.53419294963441
39.280686502335485
33.456606035248434
32.80714655124013
