864.6600661616626
5529.216358064289
791.2251312813293
722.7507821606127
872.3755124721399
844.6792366419108
782.4196505878981
721.8326167896955
758.5913750675714
748.0093314821231
815.579290992429
697.9802154665765
730.9942992905152
665.7939163626116
783.4558939060161
646.2327737687742
788.4827345137842
676.6451339351042
689.7195697455679
683.7137026027389
568.3094920300049
628.5341285729721
778.9292081585506
698.6908697784321
847.1364970332529
5497.603247217599
833.1132830507458
764.1763161949168
898.5594430391188
882.2469746333545
825.9838532189677
750.787516071937
829.7238628651145
774.4797832901178
846.8539846114322
700.565830959783
778.1119192561059
721.995301961394
810.0969756364777
689.4920874781524
804.1459199851887
704.3054761678211
699.452764088363
700.7664176947806
635.1531992774053
665.8208118950296
796.7266160817953
716.9711581956299
