440.866060692077
16.695051697280448
31.878936312479517
370.301808752146
26.05637526462832
28.433442054874313
23.992570228134422
26.815874655050585
26.8276960078753
32.423070807261496
24.501052243711165
17.323172684896097
3.614974659007075
14.825295437196136
23.892559780952077
31.152418742204375
20.169423479977215
19.675318785403505
0.0
12.641916966308933
15.518052927782676
51.6566576192439
9.91809049320463
14.119684375866711
423.7977639607968
18.25417590164228
19.40427146762213
334.38989877680774
22.562366764869292
21.78307500547647
20.492376613072096
18.012137184243663
19.69168681239157
13.602461276808352
15.811407621684424
11.847658047102698
6.469130932588435
8.331874664593776
13.090677802334618
21.82255324474348
10.034845808837225
13.671742760410996
0.0
8.90310078362478
5.880168688217516
46.90603849499709
1.2784510947690606
10.309743463297472
