24.569116370626517
25.458140233439714
29.997168007706154
24.602852738755658
29.284054948033994
31.368028640224786
29.439984706476928
32.73307821645192
28.285281878535642
28.227478911740494
27.39098600877648
21.5848523894081
28.652761246393414
23.161816637504867
20.44786824729017
26.707451703505935
19.517588697633286
27.243905234182193
28.49434652264101
28.31653267644652
27.83469870444424
24.701034274648944
27.215968807145526
27.49693381739785
28.092957555899346
26.842941820774325
25.81351855218
25.70580463673252
25.30876435928243
27.27661098896031
27.06775345050193
26.425766473725474
25.45025192036324
24.117520806061393
26.957933167033943
27.61958164544016
26.045209733963095
25.754953475923006
23.62178232499773
25.363534918313125
25.81608616315291
27.184336311788133
28.056716865379457
27.439865966009794
27.681557726750572
26.58907676212245
28.298618000175185
26.77319258589834
