2.2796031599989988
2.100920337163842
3.4468407157537513
2.3554130876553074
2.3465713976448512
2.0485761875581545
2.0284722688271017
2.708307460430575
3.1566114006952546
2.1266217516619577
2.127495835085057
2.42550785446835
2.303018510159802
1.5642331153876796
2.163652632067027
1.9895755564996875
1.9859951763243373
2.2676853687111134
2.24403468839796
1.5248657427555088
2.135530678858828
1.9652020764328029
1.7530519440713306
2.144590889725066
1.8617576651696197
1.6832093167072628
1.9296336048317357
1.8517393243973004
2.192682287291518
2.3782569217317757
1.726022595141984
1.9400217501292332
1.8555046068352397
2.0070908435546357
1.6405137033487165
2.1223185717329045
2.044424291298469
2.1439185178611524
2.278325653457557
1.9895083193133019
1.9329786548547077
2.042020561884982
2.0914567031792615
2.0236984285933204
2.100348821079507
2.076563666393554
2.0808836556192034
2.094515995160066
