7249.404650794932
163.20599918302025
6467.671681067913
0.0
297.2744691894609
0.0
0.0
0.0
85.0878731878297
0.0
0.0
0.0
0.0
0.0
187.8016887540407
0.0
0.0
0.0
404.1875142307202
0.0
0.0
0.0
1394.0206070758882
0.0
7562.912989720859
79.38069373494227
6617.653015686747
250.12500253700978
704.4503738573953
118.43564302406696
0.0
154.0310738187644
333.5035056566413
109.91497068132276
0.0
106.30770543132701
143.60520280740343
259.41637264525326
185.2768174332016
21.048307621858953
0.0
75.19706798167897
335.6644477491812
84.02265911397183
0.0
109.81860587829885
1422.8796117106217
0.0
