15682.247863014634
181.046974127765
169.82416276641925
151.55230210489185
14894.91542842537
247.82326152742553
296.23421474216775
166.85800572332573
142.19167079728595
221.4020197834036
164.40998882382064
168.35852916427984
374.5733592456495
191.16450664009994
188.9799861352235
128.8541186086925
0.0
92.4843257358475
169.97674071824963
123.19050835576354
741.6475308092278
58.834378058943
125.11387581339432
83.45358566539039
15711.541788278359
100.94328904483768
148.1856930312265
88.63524747320275
14219.185694070218
216.55962260227216
218.3400458695362
66.8134758982685
91.90005112167091
126.81618750122311
117.26340170820595
62.918832547619786
335.7987712139202
120.05797364847285
99.49614184983147
6.147336613975995
0.0
67.08712679822384
154.40910293677575
97.47669714949507
947.3063366309832
0.0
68.78839699832656
48.19922614688289
