0.029407006408433745
0.03366113583092556
0.257802835148496
0.49245756683718866
0.09717637068637686
0.4118376042566325
0.29293047687367846
0.07586161855635964
0.21335700607377106
0.17545475778839403
0.20043423592421306
0.43132400293080053
0.12811403574190905
0.4981150377279846
0.3032751082686076
0.43773125912037614
0.89528874008748
0.47726539305603666
0.50367226994247
0.49968277062543365
0.5252877381014116
0.5551909400174466
0.5557763338870814
0.6080127128844239
0.6036984402561529
0.6776184497123197
0.7390928251181563
0.643244602832965
0.7541326361113221
0.7451953557317523
0.7141774997351718
0.7569794145184545
0.7504879578407895
0.7780094888077613
0.8146928347892342
0.7863132607530687
0.8944868306770246
0.8818527479152323
0.9324492221681808
1.0203024076310854
0.9896694681515257
0.9650749065327275
0.9808484646364732
1.0166256529841249
0.9877529046605318
1.0210361547416582
1.050345943693955
1.032463363840705
