651.3129178694448
696.1314632456173
694.8471753636129
694.6928687456154
688.5128173166497
678.9773431725241
669.1354944712601
663.8253157788652
654.0980939239814
645.8184212845259
633.996736913909
620.3138344087159
605.2441190188122
585.7132033370895
568.6455481792534
552.1561210588336
534.5319108704828
526.4735105469949
510.8235231085451
497.88159086025416
483.75296415025684
469.7488598960782
455.9026311682193
441.54728144590763
428.2567317437936
416.51249268376534
405.84891906365726
397.3316220191947
389.5987061346789
378.5007639271549
367.0123182599551
356.18373129688337
345.86738001189076
337.09214822960644
329.0718054466803
319.35869700197935
319.9997378258638
316.94543363922264
305.5731072709743
296.1929779727217
287.2233380207484
278.61026445477006
268.83028764596213
259.212988167398
249.56577474817078
241.39518092488584
232.50509518387338
223.85029783514807
