0.0
180.86208853883113
73.98118838003492
78.9955467913185
0.0
0.0
0.0
37.83981756600352
39.9465412507725
94.89290478722376
0.0
40.544261627601244
54.27608154530643
47.484788958773706
7.784274739678111
33.57424329043509
195.15308889030996
126.73615374601934
0.0
116.99303922355685
171.5615658843207
145.45076555689081
0.0
148.57444581260324
67.80810260888104
0.0
0.0
51.994521846401696
23.81909967157933
55.550899545286946
5.117818465891212
0.0
0.0
43.49640647574975
41.110516550442235
6.046642185923723
120.81523530294588
106.74862689877709
95.31325761672085
42.92489868315177
105.43163557703579
34.40575704359927
48.21195030072619
46.6196208504748
54.870437226115335
62.47963195304919
100.45276793006992
32.72193251139589
