56.73896239824689
37.010151360503556
9.65775925005385
9.180216126599689
26.344816219510996
23.095532468213037
39.97199613536405
55.62858135771758
48.453266582520044
52.76069648495653
55.918901056588126
56.43936833491488
49.141634088241034
75.39005270638798
99.00448763502425
94.71422012052545
93.4068535043081
98.18201517254701
108.20364737687558
116.74817177089844
105.74002103300228
106.98688499017226
104.81543000893913
87.48947522913413
59.3667867116827
40.801877392334966
30.022620536646016
14.081166845098487
21.7445303416021
38.852722615968744
34.97881951070491
48.88032592784333
60.79519287663642
51.94967631151326
43.18964649498328
55.152715535702356
72.91516020259446
70.58310895712084
80.1015881695325
95.54011564716379
96.92473654266689
102.04335135350942
103.83981821355482
105.14201600288894
105.90826035768995
107.15567200512572
104.43855920246281
80.04862266988485
