26.886474259131244
26.26524998148306
25.475688829180246
27.98448701288029
28.823992853262567
29.6087141905873
27.243017108620375
26.57619601531453
27.06289014110267
26.721559074789496
27.359090905872186
26.150123687111005
27.613409167986458
29.16652022998296
29.426068731465897
27.37315674651696
26.07104338328073
28.189717329816283
28.688847822108027
29.61765913416518
26.662919913288537
27.683070434493015
28.59714210108602
28.24704995839294
27.941567861094786
26.755846199539626
26.965680140345665
27.362782333276556
28.944542056354347
29.105608939363247
27.50658291277557
26.6519268064873
27.010166417687916
27.66167821952186
26.836589523494524
26.881421725453386
27.37026660844928
28.878559747535277
28.540231878056193
27.0115455194744
26.64291702038162
27.283941741415553
28.33865729090369
28.265165278469617
27.646191906971058
27.289984321713124
27.789691844041055
28.34816283383198
