74.83828418553068
60.547298682883195
60.721021598322594
61.04309984789848
58.696245684328574
47.73827963393491
44.33296065215313
51.95560948671992
74.0495750010894
93.6959749729523
115.70583317890083
122.52788022007282
134.48186089471244
145.59114228282158
156.66485386101397
162.40756393034593
161.79527638833656
149.7745717812812
137.93033179722175
129.67625380025237
125.53443853628968
120.0209189313134
106.6284737890853
90.35476546112054
78.06673984303198
71.17300800750405
71.08523490940044
72.19367877161186
70.73230340127361
63.56864005098292
59.961959954505154
66.78107300665005
80.33228609017866
96.26577837055731
107.26649537825907
115.74806271410347
121.51663351015691
130.47468790283358
138.42163131369125
146.04066469107795
144.70308239361466
138.4431849354724
129.82627858998023
124.81775799071637
121.1619036047467
116.67216293729629
106.29023937171333
93.22299874955876
