530.7874068755461
296.3561234912871
214.84313257342416
148.41098890003468
103.55761191673491
296.0950545870327
339.000859385052
480.6509849761873
638.1646814044509
807.5788914154824
742.2031703789772
750.2106503659431
786.7585370240248
876.3879055018435
825.1425964224076
846.968260493574
892.8391114307387
1015.5640995496715
1167.060673062986
1229.2102560503722
1102.7571105754653
1163.9193801071776
971.8433171403362
718.5625088944008
433.49324010474476
216.43535841616728
82.33607803817699
54.584232661025226
125.39790762546795
206.27768912134468
315.58241733387587
463.27485710275164
592.3465940848317
659.8792105964116
749.7415637464729
777.0620058726045
815.7319343408026
830.6041772242145
832.3301813255264
857.9526518194888
938.5866632145417
1053.7035103760531
1148.0704639133353
1231.0036899153754
1258.9338756296597
1162.36460757569
976.8686864957588
764.7599332083654
