271.55580933474516
17.03820399738841
0.0
65.34763251686272
316.30495527904907
12.282964131442046
0.0
3.374791676358914
64.34524990928159
0.0
0.0
0.0
0.0
0.0
10.101478897161876
9.316812633804226
1.435114348982676
0.0
0.0
0.0
32.28602352286486
0.10993272317349323
0.0
19.90292692047582
271.4263012517644
13.361700421804112
6.0704123458018024
80.71727559058732
308.8383554083032
10.472564229605887
0.0
19.96833651469217
66.40451704969146
0.0
1.292495211481988
0.0
0.0
0.0
11.81666583547932
7.57703639832917
0.0
0.0
0.0
0.0
52.507406251775954
9.808653206350325
0.0
37.090602836341624
