0.0
11.433799139162527
136.39921872352633
4.834335465864655
7.399546755254676
187.5695206139346
3.3684567857349847
15.526796996952445
163.07178374743435
0.0
45.119118163581625
24.42835327995026
0.0
68.55943988505187
0.0
0.0
46.41883421089514
0.0
0.46959627190611286
55.90862374757066
0.0
0.0
71.51187576043282
0.0
30.072769258672764
65.68472010148515
0.0
99.070145048437
78.3842877097025
0.0
176.7072171211194
17.054713156645313
0.14725437132853614
162.00031520036106
0.0
0.0
69.32957772879443
0.0
9.40833171659763
12.357046194252074
0.0
29.877013390297684
0.0
1.0343512582745333
78.12356937022997
0.0
7.025573362519587
95.44348435969886
