47.41831069145479
40.3289074350871
41.31614153528909
42.39072383050461
43.51830962067908
37.946527466836756
43.12983898714606
44.956484156221734
38.9507383322138
42.15089768467931
39.58916640691848
40.38609644588411
40.35926220415581
41.7312117087277
39.35227403387688
41.35036888443233
40.10226370830327
42.98354151766529
40.781216964393536
40.18307936925174
41.425512584665626
39.52935655910136
41.07256016030067
37.331843393194845
45.98948511184955
40.299217654515985
39.711680758366015
40.4915557982157
39.441578077412885
41.86237091064453
44.15728533297005
42.224163770331074
35.8871754405576
37.99863127147535
39.42205870915865
39.08843006819569
40.55562939581182
41.22362990017626
39.723298498589486
40.52742606011782
39.050251905037044
40.19594885252957
40.44328545668117
40.76592222894783
40.089824511700385
40.25388108576516
39.70143211210825
40.240894251575924
