514.9835005561106
526.9869840638063
561.2745172631235
552.586214125771
565.4288763028193
572.7363528350776
551.313813379398
525.1550907580429
510.69331264218704
510.96347474299574
521.6085835516525
541.7564530024604
546.548731550569
538.8754058508076
539.3625228171718
559.6443644761632
582.7250958143436
588.8289198179275
585.4486014138608
535.4584011010122
507.9103249638409
503.677762462702
519.5244759168427
530.8693415280013
515.8629929465192
510.509760574078
535.8259006383325
555.0988505984337
574.3812214195748
582.8207484983334
554.7418034032892
540.9285862428967
534.3892709037937
522.5163900992378
514.7049834581022
513.7985006446412
526.3129455242895
554.5561883729085
572.3197204129906
580.6030812477945
584.3651508202073
581.080983649346
578.323662659928
569.2656938748703
550.8649299804661
534.6421556955783
526.7878566305473
532.6044303291733
