695.3890288031646
760.8878578307078
468.28132145407403
324.44366349447097
460.69842262931166
318.0949563476223
393.230973575592
386.45664277098814
476.03441075044054
672.4896564554812
565.3067344479298
740.6567446749634
747.689774266498
715.7073229655316
647.350303191022
535.9328852114322
568.721928712408
630.2189404321792
637.6911301234109
670.8499456329997
765.0656778527621
838.4520072513458
746.0190507708052
789.2461453863326
668.3256046276821
526.4830048928262
534.4750248988228
228.23464016135102
323.1416368610054
295.12305606004077
205.19397264186608
336.7579280089416
294.2019038194521
554.9837779844077
479.8355173870631
494.6185181529294
626.7094835477747
558.5013014294481
575.0390016684776
487.3978587282073
442.4346232594318
588.3200341260415
518.7869635352423
508.4239481576392
703.383619811388
592.7145214927326
707.730903445518
595.7577190580666
