334.6650272546513
78.40781432581065
102.79379314211167
472.01127528040865
230.29523041689023
105.06188874706939
109.43794376219341
79.70494741325768
74.83206940514879
94.2417367077698
87.41020819580739
93.60714394630378
78.69116625987412
95.4142812036211
96.85170245095786
73.87964488045313
83.08007045491641
93.8985325997435
78.22213530129346
95.14138866950506
72.03667288742801
84.17994350652327
84.74177210387117
94.28810860848041
342.8329422612412
87.51185310510493
101.86471308884573
465.1891982136375
226.60502729857657
101.5432712324687
116.12396189170155
83.9045774454537
78.74496771433635
94.11258689658018
89.11142047481808
87.57867721537818
72.67901822672182
97.04961750784133
105.9918511346174
79.74342316988444
89.85521331980735
91.59739881010768
77.62271627256459
94.1392064732265
77.56222702334043
87.66784382425232
85.12865923627045
95.83027938540224
