202.64954607990416
296.842482565292
299.95740729672224
304.5705793755799
218.7711166936988
191.80533947078638
140.40978132063555
137.65223686635173
146.8755550752698
143.80642993894267
155.4381886209479
147.58406046798058
168.93533591349973
149.25247812476317
170.49985499123878
147.218743307392
150.7252714516999
143.30907939528473
139.8387245704386
133.57488783477595
119.50418757602793
135.67462783817305
120.80953356401002
157.66137122755916
195.67236013235345
289.16534748835954
305.5936338715875
299.9704008512532
237.87048363306963
187.5252787159842
157.49197945762836
144.37868134446322
148.36872274059084
152.68143612918198
155.6966291933154
155.7000635876727
158.936195018453
161.46480477751933
165.71615641165135
150.1393438314634
149.72781287745732
140.87482631335132
141.09701302769594
134.09940480214118
129.70305403538822
126.2895536819544
124.36717493087167
154.07776576265297
