12.826023562380385
12.275878965251763
11.85883644850179
11.390998838658732
10.76304133310316
10.042241759258218
9.3602219519438
8.833201190841294
8.535551813619435
8.477795565736471
8.663212991403697
9.086536550119234
9.687876306708205
10.377270670725295
11.011709251430034
11.478613373082908
11.861703590800317
12.331168137203463
12.97479490880903
13.728066536127756
14.318244441070902
14.403925321386765
13.969719957482482
13.282472616302869
12.609254269067605
12.10809113083397
11.736869548677817
11.304251114696882
10.704111557209643
9.999287966962896
9.32102878350048
8.794768148495706
8.486410328177556
8.419865955761026
8.604816637333158
9.03443457355985
9.642935518122272
10.324515252432747
10.92917555986972
11.359847004196808
11.718813219970002
12.170074746664028
12.794378312732192
13.53115387017533
14.096514324804417
14.331019893731224
14.422008321185729
14.442345028186793
