625.8703203062269
616.0463343346462
639.4659232491456
590.1410122949765
577.1116300305387
559.5692316522146
573.615394074047
567.0655616491368
570.1173687862913
536.2710532639668
543.5367648609398
582.1599201920303
545.1949469431994
511.2774835031597
544.760887445203
555.8514119519915
549.9519281082659
597.8430860539495
570.9673304699502
527.165029128707
501.0754939687522
515.718457033699
496.20135560584856
470.10258045658003
520.5728834194002
541.9778906638276
549.9930387273868
515.5812505257161
587.4549620681457
555.1642500800494
531.5200120920306
514.5373370663685
529.0317709697606
533.138286220445
515.9554994262186
521.2289079940202
467.95435627440304
454.5489064448995
498.13754403325163
470.85351292143605
492.9778020006576
546.1026072267947
520.9467656536602
496.40061670873
449.5877508493006
469.75050753043024
455.7896610099273
452.9099523404021
